63
23
51
49
30
62
9
60
58
81
27
43
20
78
94
59
3
5
29
34
92
20
88
27
53
72
58
98
49
46
92
20
79
40
15
57
59
46
30
56
61
32
12
42
16
21
80
97
31
34
66
35
100
38
71
50
75
71
86
88
6
10
69
37
97
31
43
33
7
76
43
100
37
7
3
64
97
3
40
51
41
85
5
38
90
52
64
49
6
92
88
92
96
47
66
28
22
25
19
32
75
11
85
91
49
99
74
79
7
87
18
47
43
44
51
74
9
66
36
33
75
23
14
43
37
92
53
7
30
59
22
54
78
59
80
68
84
42
23
91
8
31
77
2
46
53
2
24
53
27
98
36
69
80
18
100
53
62
97
23
5
36
50
60
45
78
67
43
39
86
100
54
58
49
50
33
81
23
100
71
71
19
59
27
42
75
90
20
50
89
8
1
95
92
98
74
43
14
78
31
